6,2
26,2
46,2
66,2
6,22
26,22
46,22
66,22
6,42
26,42
46,42
66,42
6,62
26,62
46,62
66,62
6,3
26,3
46,3
66,3
6,23
26,23
46,23
66,23
6,43
26,43
46,43
66,43
6,63
26,63
46,63
66,63
6,4
26,4
46,4
66,4
6,24
26,24
46,24
66,24
6,44
26,44
46,44
66,44
6,64
26,64
46,64
66,64
7,4
27,4
47,4
67,4
7,24
27,24
47,24
67,24
7,44
27,44
47,44
67,44
7,64
27,64
47,64
67,64
11,4
31,4
51,4
71,4
11,24
31,24
51,24
71,24
11,44
31,44
51,44
71,44
11,64
31,64
51,64
71,64
12,4
32,4
52,4
72,4
12,24
32,24
52,24
72,24
12,44
32,44
52,44
72,44
12,64
32,64
52,64
72,64
12,3
32,3
52,3
72,3
12,23
32,23
52,23
72,23
12,43
32,43
52,43
72,43
12,63
32,63
52,63
72,63
12,2
32,2
52,2
72,2
12,22
32,22
52,22
72,22
12,42
32,42
52,42
72,42
12,62
32,62
52,62
72,62
2,6
22,6
42,6
62,6
2,26
22,26
42,26
62,26
2,46
22,46
42,46
62,46
2,66
22,66
42,66
62,66
3,6
23,6
43,6
63,6
3,26
23,26
43,26
63,26
3,46
23,46
43,46
63,46
3,66
23,66
43,66
63,66
4,6
24,6
44,6
64,6
4,26
24,26
44,26
64,26
4,46
24,46
44,46
64,46
4,66
24,66
44,66
64,66
4,7
24,7
44,7
64,7
4,27
24,27
44,27
64,27
4,47
24,47
44,47
64,47
4,67
24,67
44,67
64,67
2,12
22,12
42,12
62,12
2,32
22,32
42,32
62,32
2,52
22,52
42,52
62,52
2,72
22,72
42,72
62,72
3,12
23,12
43,12
63,12
3,32
23,32
43,32
63,32
3,52
23,52
43,52
63,52
3,72
23,72
43,72
63,72
4,12
24,12
44,12
64,12
4,32
24,32
44,32
64,32
4,52
24,52
44,52
64,52
4,72
24,72
44,72
64,72
4,11
24,11
44,11
64,11
4,31
24,31
44,31
64,31
4,51
24,51
44,51
64,51
4,71
24,71
44,71
64,71
6,14
26,14
46,14
66,14
6,34
26,34
46,34
66,34
6,54
26,54
46,54
66,54
6,74
26,74
46,74
66,74
7,14
27,14
47,14
67,14
7,34
27,34
47,34
67,34
7,54
27,54
47,54
67,54
7,74
27,74
47,74
67,74
6,15
26,15
46,15
66,15
6,35
26,35
46,35
66,35
6,55
26,55
46,55
66,55
6,75
26,75
46,75
66,75
6,16
26,16
46,16
66,16
6,36
26,36
46,36
66,36
6,56
26,56
46,56
66,56
6,76
26,76
46,76
66,76
12,14
32,14
52,14
72,14
12,34
32,34
52,34
72,34
12,54
32,54
52,54
72,54
12,74
32,74
52,74
72,74
11,14
31,14
51,14
71,14
11,34
31,34
51,34
71,34
11,54
31,54
51,54
71,54
11,74
31,74
51,74
71,74
12,15
32,15
52,15
72,15
12,35
32,35
52,35
72,35
12,55
32,55
52,55
72,55
12,75
32,75
52,75
72,75
12,16
32,16
52,16
72,16
12,36
32,36
52,36
72,36
12,56
32,56
52,56
72,56
12,76
32,76
52,76
72,76
14,6
34,6
54,6
74,6
14,26
34,26
54,26
74,26
14,46
34,46
54,46
74,46
14,66
34,66
54,66
74,66
15,6
35,6
55,6
75,6
15,26
35,26
55,26
75,26
15,46
35,46
55,46
75,46
15,66
35,66
55,66
75,66
16,6
36,6
56,6
76,6
16,26
36,26
56,26
76,26
16,46
36,46
56,46
76,46
16,66
36,66
56,66
76,66
14,7
34,7
54,7
74,7
14,27
34,27
54,27
74,27
14,47
34,47
54,47
74,47
14,67
34,67
54,67
74,67
14,12
34,12
54,12
74,12
14,32
34,32
54,32
74,32
14,52
34,52
54,52
74,52
14,72
34,72
54,72
74,72
15,12
35,12
55,12
75,12
15,32
35,32
55,32
75,32
15,52
35,52
55,52
75,52
15,72
35,72
55,72
75,72
16,12
36,12
56,12
76,12
16,32
36,32
56,32
76,32
16,52
36,52
56,52
76,52
16,72
36,72
56,72
76,72
14,11
34,11
54,11
74,11
14,31
34,31
54,31
74,31
14,51
34,51
54,51
74,51
14,71
34,71
54,71
74,71
7,6
27,6
47,6
67,6
7,26
27,26
47,26
67,26
7,46
27,46
47,46
67,46
7,66
27,66
47,66
67,66
8,6
28,6
48,6
68,6
8,26
28,26
48,26
68,26
8,46
28,46
48,46
68,46
8,66
28,66
48,66
68,66
10,6
30,6
50,6
70,6
10,26
30,26
50,26
70,26
10,46
30,46
50,46
70,46
10,66
30,66
50,66
70,66
11,6
31,6
51,6
71,6
11,26
31,26
51,26
71,26
11,46
31,46
51,46
71,46
11,66
31,66
51,66
71,66
6,7
26,7
46,7
66,7
6,27
26,27
46,27
66,27
6,47
26,47
46,47
66,47
6,67
26,67
46,67
66,67
8,7
28,7
48,7
68,7
8,27
28,27
48,27
68,27
8,47
28,47
48,47
68,47
8,67
28,67
48,67
68,67
10,7
30,7
50,7
70,7
10,27
30,27
50,27
70,27
10,47
30,47
50,47
70,47
10,67
30,67
50,67
70,67
12,7
32,7
52,7
72,7
12,27
32,27
52,27
72,27
12,47
32,47
52,47
72,47
12,67
32,67
52,67
72,67
6,8
26,8
46,8
66,8
6,28
26,28
46,28
66,28
6,48
26,48
46,48
66,48
6,68
26,68
46,68
66,68
7,8
27,8
47,8
67,8
7,28
27,28
47,28
67,28
7,48
27,48
47,48
67,48
7,68
27,68
47,68
67,68
11,8
31,8
51,8
71,8
11,28
31,28
51,28
71,28
11,48
31,48
51,48
71,48
11,68
31,68
51,68
71,68
12,8
32,8
52,8
72,8
12,28
32,28
52,28
72,28
12,48
32,48
52,48
72,48
12,68
32,68
52,68
72,68
12,10
32,10
52,10
72,10
12,30
32,30
52,30
72,30
12,50
32,50
52,50
72,50
12,70
32,70
52,70
72,70
11,10
31,10
51,10
71,10
11,30
31,30
51,30
71,30
11,50
31,50
51,50
71,50
11,70
31,70
51,70
71,70
7,10
27,10
47,10
67,10
7,30
27,30
47,30
67,30
7,50
27,50
47,50
67,50
7,70
27,70
47,70
67,70
6,10
26,10
46,10
66,10
6,30
26,30
46,30
66,30
6,50
26,50
46,50
66,50
6,70
26,70
46,70
66,70
6,11
26,11
46,11
66,11
6,31
26,31
46,31
66,31
6,51
26,51
46,51
66,51
6,71
26,71
46,71
66,71
8,11
28,11
48,11
68,11
8,31
28,31
48,31
68,31
8,51
28,51
48,51
68,51
8,71
28,71
48,71
68,71
10,11
30,11
50,11
70,11
10,31
30,31
50,31
70,31
10,51
30,51
50,51
70,51
10,71
30,71
50,71
70,71
12,11
32,11
52,11
72,11
12,31
32,31
52,31
72,31
12,51
32,51
52,51
72,51
12,71
32,71
52,71
72,71
7,12
27,12
47,12
67,12
7,32
27,32
47,32
67,32
7,52
27,52
47,52
67,52
7,72
27,72
47,72
67,72
8,12
28,12
48,12
68,12
8,32
28,32
48,32
68,32
8,52
28,52
48,52
68,52
8,72
28,72
48,72
68,72
10,12
30,12
50,12
70,12
10,32
30,32
50,32
70,32
10,52
30,52
50,52
70,52
10,72
30,72
50,72
70,72
11,12
31,12
51,12
71,12
11,32
31,32
51,32
71,32
11,52
31,52
51,52
71,52
11,72
31,72
51,72
71,72



